%YAML:1.0
---
title: Calibration results
Number of images: 10
Mire used:
   Number of squares along X: 7
   Number of squares along Y: 5
   Size of a square along X: 20.
   Size of a square along Y: 20.
Mean error: 1.2558598694623066e-01
Method: calibrateCamera
Render size:
   Width: 1152
   Height: 864
Search window size: 9
Intrinsics parameters: !!opencv-matrix
   rows: 3
   cols: 3
   dt: d
   data: [ 6.0893922299999997e+02, 0., 3.9805125800000002e+02, 0.,
       6.0958786399999997e+02, 2.2313794799999999e+02, 0., 0., 1. ]
Distorsion coefficients: !!opencv-matrix
   rows: 1
   cols: 14
   dt: d
   data: [ -2.0019332874034799e+01, 2.0535704690351864e+02,
       -3.6223659539506748e-03, 1.9993299335745239e-03,
       3.9917491240988653e+02, -2.0061944062750378e+01,
       2.0596750197792045e+02, 3.9015520144478842e+02, 0., 0., 0., 0.,
       0., 0. ]
Views data:
   View 1:
      Path: "/home/sedixed/Images/mires/IMG_20220407_163347.jpg"
      View error: 1.6316063702106476e-01
      Rotation vector: !!opencv-matrix
         rows: 3
         cols: 1
         dt: d
         data: [ 5.2269962566779939e-02, 7.3586862351663798e-02,
             1.5735699490971249e+00 ]
      Translation vector: !!opencv-matrix
         rows: 3
         cols: 1
         dt: d
         data: [ 4.7025129981673054e+01, -5.4839542319238859e+01,
             2.7844584330747028e+02 ]
      Image points: !!opencv-matrix
         rows: 2
         cols: 24
         dt: f
         data: [ 5.01497589e+02, 5.01361206e+02, 5.01062561e+02,
             5.00737183e+02, 5.00669830e+02, 5.00581177e+02,
             4.57405518e+02, 4.57164703e+02, 4.56733765e+02,
             4.56593811e+02, 4.56516907e+02, 4.56488861e+02,
             4.13557495e+02, 4.13462494e+02, 4.13333527e+02,
             4.13078217e+02, 4.12755920e+02, 4.12589355e+02,
             3.70457947e+02, 3.70419800e+02, 3.70332642e+02,
             3.70109131e+02, 3.69700684e+02, 3.69509521e+02,
             1.02173912e+02, 1.46316803e+02, 1.90346878e+02,
             2.34411316e+02, 2.78464203e+02, 3.22554901e+02,
             1.02760056e+02, 1.46607742e+02, 1.90468628e+02,
             2.34316589e+02, 2.77732544e+02, 3.21714355e+02,
             1.03643044e+02, 1.47380386e+02, 1.90588593e+02,
             2.34196762e+02, 2.77498474e+02, 3.21279999e+02,
             1.04334068e+02, 1.47543015e+02, 1.90663574e+02,
             2.33870407e+02, 2.77098846e+02, 3.20494751e+02 ]
      Object points: !!opencv-matrix
         rows: 3
         cols: 24
         dt: f
         data: [ 0., 20., 40., 60., 80., 100., 0., 20., 40., 60., 80.,
             100., 0., 20., 40., 60., 80., 100., 0., 20., 40., 60., 80.,
             100., 0., 0., 0., 0., 0., 0., 20., 20., 20., 20., 20., 20.,
             40., 40., 40., 40., 40., 40., 60., 60., 60., 60., 60., 60.,
             0., 0., 0., 0., 0., 0., 0., 0., 0., 0., 0., 0., 0., 0., 0.,
             0., 0., 0., 0., 0., 0., 0., 0., 0. ]
   View 2:
      Path: "/home/sedixed/Images/mires/IMG_20220407_163354.jpg"
      View error: 1.6633732616901398e-01
      Rotation vector: !!opencv-matrix
         rows: 3
         cols: 1
         dt: d
         data: [ 2.7481541383171509e-01, -5.7607538426354155e-01,
             -1.4616555162362925e+00 ]
      Translation vector: !!opencv-matrix
         rows: 3
         cols: 1
         dt: d
         data: [ 4.3429109750618188e+01, 4.5548069436466960e+01,
             2.0944874944437569e+02 ]
      Image points: !!opencv-matrix
         rows: 2
         cols: 24
         dt: f
         data: [ 5.24855225e+02, 5.22624573e+02, 5.20760315e+02,
             5.18969727e+02, 5.17574341e+02, 5.16123291e+02,
             5.66796875e+02, 5.64274475e+02, 5.61625366e+02,
             5.59023621e+02, 5.56634460e+02, 5.54449768e+02,
             6.04586304e+02, 6.01269836e+02, 5.98574646e+02,
             5.95800781e+02, 5.92820984e+02, 5.90327026e+02,
             6.39708435e+02, 6.36226440e+02, 6.32629761e+02,
             6.29322083e+02, 6.26195129e+02, 6.22982239e+02,
             3.55987213e+02, 2.97392609e+02, 2.40964035e+02,
             1.86437317e+02, 1.33631424e+02, 8.24955444e+01,
             3.56037445e+02, 2.99983612e+02, 2.45979385e+02,
             1.93676834e+02, 1.43225006e+02, 9.43057251e+01,
             3.55953186e+02, 3.02385803e+02, 2.50574142e+02,
             2.00319458e+02, 1.51760117e+02, 1.04557335e+02,
             3.55930939e+02, 3.04537811e+02, 2.54767273e+02,
             2.06477951e+02, 1.59636383e+02, 1.14334747e+02 ]
      Object points: !!opencv-matrix
         rows: 3
         cols: 24
         dt: f
         data: [ 0., 20., 40., 60., 80., 100., 0., 20., 40., 60., 80.,
             100., 0., 20., 40., 60., 80., 100., 0., 20., 40., 60., 80.,
             100., 0., 0., 0., 0., 0., 0., 20., 20., 20., 20., 20., 20.,
             40., 40., 40., 40., 40., 40., 60., 60., 60., 60., 60., 60.,
             0., 0., 0., 0., 0., 0., 0., 0., 0., 0., 0., 0., 0., 0., 0.,
             0., 0., 0., 0., 0., 0., 0., 0., 0. ]
   View 3:
      Path: "/home/sedixed/Images/mires/IMG_20220407_163357.jpg"
      View error: 1.5438801050186157e-01
      Rotation vector: !!opencv-matrix
         rows: 3
         cols: 1
         dt: d
         data: [ -5.8588482552079824e-02, -6.6940037107178962e-01,
             -1.2969368928050582e+00 ]
      Translation vector: !!opencv-matrix
         rows: 3
         cols: 1
         dt: d
         data: [ 3.5160172768446685e+01, 2.7107001018474218e+01,
             2.0145138603228057e+02 ]
      Image points: !!opencv-matrix
         rows: 2
         cols: 24
         dt: f
         data: [ 5.04638672e+02, 5.06107880e+02, 5.07580109e+02,
             5.08949280e+02, 5.10437439e+02, 5.11766602e+02,
             5.54626282e+02, 5.53877563e+02, 5.53308167e+02,
             5.52589600e+02, 5.52119446e+02, 5.51616394e+02,
             6.01273071e+02, 5.98407288e+02, 5.96273376e+02,
             5.94170593e+02, 5.91944153e+02, 5.90177917e+02,
             6.45660706e+02, 6.41259949e+02, 6.37064819e+02,
             6.33275452e+02, 6.29860535e+02, 6.26589355e+02,
             3.05256866e+02, 2.51444916e+02, 2.02319214e+02,
             1.57054077e+02, 1.15343460e+02, 7.66586609e+01,
             3.20175079e+02, 2.67072388e+02, 2.18583344e+02,
             1.74079605e+02, 1.32925415e+02, 9.49468994e+01,
             3.34437775e+02, 2.82276978e+02, 2.34358948e+02,
             1.90065842e+02, 1.49466614e+02, 1.11565605e+02,
             3.47548859e+02, 2.96187195e+02, 2.49038574e+02,
             2.05426865e+02, 1.65046936e+02, 1.27670723e+02 ]
      Object points: !!opencv-matrix
         rows: 3
         cols: 24
         dt: f
         data: [ 0., 20., 40., 60., 80., 100., 0., 20., 40., 60., 80.,
             100., 0., 20., 40., 60., 80., 100., 0., 20., 40., 60., 80.,
             100., 0., 0., 0., 0., 0., 0., 20., 20., 20., 20., 20., 20.,
             40., 40., 40., 40., 40., 40., 60., 60., 60., 60., 60., 60.,
             0., 0., 0., 0., 0., 0., 0., 0., 0., 0., 0., 0., 0., 0., 0.,
             0., 0., 0., 0., 0., 0., 0., 0., 0. ]
   View 4:
      Path: "/home/sedixed/Images/mires/IMG_20220407_185111.jpg"
      View error: 1.2165544927120209e-01
      Rotation vector: !!opencv-matrix
         rows: 3
         cols: 1
         dt: d
         data: [ -9.3384865669213126e-04, -3.6104649019798818e-02,
             1.5628062567932557e+00 ]
      Translation vector: !!opencv-matrix
         rows: 3
         cols: 1
         dt: d
         data: [ 2.7810990111505724e+01, -3.9931991002298737e+01,
             2.9563401500505455e+02 ]
      Image points: !!opencv-matrix
         rows: 2
         cols: 24
         dt: f
         data: [ 4.55530151e+02, 4.55567566e+02, 4.55694519e+02,
             4.56079620e+02, 4.56450226e+02, 4.56587524e+02,
             4.14386047e+02, 4.14502563e+02, 4.14663055e+02,
             4.15116211e+02, 4.15438904e+02, 4.15578033e+02,
             3.72756409e+02, 3.73339386e+02, 3.73530701e+02,
